namespace SkinMeshAnimation
{
    internal class BoneData
    {
        public Matrix[] matrices;
        public BoneData()
        {
            matrices = [
                new() { elements = new[,] { { 1f, -0f, 0f, -0.101988f }, { -0f, 1f, -0f, -0.0546441f }, { 0f, -0f, 1f, -0.681554f }, { 0f, -0f, 0f, 1f } } },
                new() { elements = new[,] { { 1f, -0f, 0f, -0.101988f }, { -0f, 1f, -0f, -0.0546427f }, { 0f, -0f, 1f, -0.681554f }, { 0f, -0f, 0f, 1f } } },
                new() { elements = new[,] { { 1f, -0f, 0f, -0.101988f }, { -0f, 1f, 1.49012e-08f, -0.0546436f }, { 0f, -1.49012e-08f, 1f, -0.681554f }, { 0f, -0f, 0f, 1f } } },
                new() { elements = new[,] { { 0.99997f, -0.00710339f, 0.00296134f, -0.222096f }, { 0.00710339f, 0.703845f, -0.710317f, -5.0622f }, { 0.00296134f, 0.710317f, 0.703875f, 11.3289f }, { 0f, -0f, 0f, 1f } } },
                new() { elements = new[,] { { 0.99997f, -0.00710339f, 0.00296134f, -0.222096f }, { 0.00710339f, 0.703845f, -0.710317f, -5.0622f }, { 0.00296134f, 0.710317f, 0.703875f, 11.3289f }, { 0f, -0f, 0f, 1f } } },
                new() { elements = new[,] { { 0.99997f, -0.00710339f, 0.00296134f, -0.222096f }, { 0.00710339f, 0.703845f, -0.710317f, -5.0622f }, { 0.00296134f, 0.710317f, 0.703875f, 11.3289f }, { 0f, -0f, 0f, 1f } } },
                new() { elements = new[,] { { 0.971787f, 0.206691f, 0.113616f, 3.18623f }, { -0.224866f, 0.957264f, 0.18188f, -0.507033f }, { -0.0711676f, -0.202297f, 0.976735f, -3.80247f }, { 0f, -0f, 0f, 1f } } },
                new() { elements = new[,] { { 0.990536f, 0.0411909f, 0.130926f, 0.863158f }, { -0.0296582f, 0.995604f, -0.0888465f, -0.291417f }, { -0.13401f, 0.0841226f, 0.987403f, 0.355587f }, { 0f, -0f, 0f, 1f } } },
                new() { elements = new[,] { { 0.998932f, -0.000202827f, -0.0461963f, 0.0375555f }, { 0.00256544f, 0.998691f, 0.0510893f, -0.0272923f }, { 0.0461254f, -0.0511533f, 0.997625f, -1.40299f }, { 0f, -0f, 0f, 1f } } },
                new() { elements = new[,] { { 1f, -0f, 0f, -0.101988f }, { -0f, 1f, -0f, -0.0546427f }, { 0f, -0f, 1f, -0.681554f }, { 0f, -0f, 0f, 1f } } },
                new() { elements = new[,] { { 0.999993f, -0.00382483f, 0.000147806f, -0.143556f }, { 0.00382477f, 0.999993f, 0.000175365f, -0.0578117f }, { -0.000148475f, -0.000174799f, 1f, -0.683146f }, { 0f, -0f, 0f, 1f } } },
                new() { elements = new[,] { { 0.999939f, -0.00856242f, 0.00702483f, -0.25661f }, { 0.0110358f, 0.823854f, -0.566695f, -2.92064f }, { -0.000935151f, 0.566738f, 0.823898f, 8.34094f }, { 0f, -0f, 0f, 1f } } },
                new() { elements = new[,] { { 0.999664f, -0.0227206f, -0.0124534f, -0.483609f }, { 0.0140735f, 0.879718f, -0.475286f, -2.0209f }, { 0.0217543f, 0.474951f, 0.879743f, 6.49255f }, { 0f, -0f, 0f, 1f } } },
                new() { elements = new[,] { { 0.991611f, -0.111727f, 0.0649942f, -2.05258f }, { 0.127449f, 0.928938f, -0.347607f, -1.75658f }, { -0.0215383f, 0.352975f, 0.935385f, 4.49802f }, { 0f, -0f, 0f, 1f } } },
                new() { elements = new[,] { { 0.995458f, -0.074425f, 0.0593563f, -1.56378f }, { 0.0835944f, 0.981717f, -0.17101f, -1.31189f }, { -0.0455436f, 0.175195f, 0.98348f, 2.15621f }, { 0f, -0f, 0f, 1f } } },
                new() { elements = new[,] { { 0.99841f, -0.022579f, 0.0516436f, -1.05452f }, { 0.0294132f, 0.990318f, -0.135661f, -1.12885f }, { -0.0480805f, 0.136965f, 0.989408f, 1.78239f }, { 0f, -0f, 0f, 1f } } },
                new() { elements = new[,] { { 0.996745f, 0.0662784f, 0.0458974f, -0.482315f }, { -0.0580988f, 0.985239f, -0.161021f, -0.798663f }, { -0.0558922f, 0.15783f, 0.985883f, 1.94803f }, { 0f, -0f, 0f, 1f } } },
                new() { elements = new[,] { { 0.999262f, -0.0264281f, 0.0278555f, -0.535551f }, { 0.0265939f, 0.99963f, -0.00559896f, -0.0627422f }, { -0.0276972f, 0.00633562f, 0.999596f, -0.575477f }, { 0f, -0f, 0f, 1f } } },
                new() { elements = new[,] { { 0.646792f, -0.718205f, 0.256596f, -11.0559f }, { 0.755443f, 0.649512f, -0.0862498f, -6.36896f }, { -0.104718f, 0.24963f, 0.962662f, 3.34196f }, { 0f, -0f, 0f, 1f } } },
                new() { elements = new[,] { { 0.566349f, -0.77577f, 0.278262f, -11.6103f }, { 0.816159f, 0.57486f, -0.0584752f, -7.65834f }, { -0.114599f, 0.260224f, 0.958723f, 3.52931f }, { 0f, -0f, 0f, 1f } } },
                new() { elements = new[,] { { 0.510461f, -0.753984f, -0.413446f, -10.8731f }, { 0.802758f, 0.59019f, -0.0851807f, -7.38562f }, { 0.308236f, -0.288415f, 0.906535f, -5.69185f }, { 0f, -0f, 0f, 1f } } },
                new() { elements = new[,] { { 0.566349f, -0.77577f, 0.278262f, -11.5111f }, { 0.816159f, 0.57486f, -0.0584752f, -8.98175f }, { -0.114599f, 0.260224f, 0.958723f, 3.5826f }, { 0f, -0f, 0f, 1f } } },
                new() { elements = new[,] { { 0.510461f, -0.753984f, -0.413446f, -10.8731f }, { 0.802757f, 0.59019f, -0.0851807f, -7.38562f }, { 0.308236f, -0.288415f, 0.906535f, -5.69185f }, { 0f, -0f, 0f, 1f } } },
                new() { elements = new[,] { { 0.510461f, -0.753984f, -0.413446f, -10.8731f }, { 0.802757f, 0.59019f, -0.0851806f, -7.38562f }, { 0.308236f, -0.288415f, 0.906535f, -5.69185f }, { 0f, -0f, 0f, 1f } } },
                new() { elements = new[,] { { 0.510461f, -0.753984f, -0.413446f, -10.8731f }, { 0.802757f, 0.59019f, -0.0851807f, -7.38562f }, { 0.308236f, -0.288415f, 0.906535f, -5.69185f }, { 0f, -0f, 0f, 1f } } },
                new() { elements = new[,] { { 0.510461f, -0.753984f, -0.413446f, -10.8731f }, { 0.802757f, 0.59019f, -0.0851806f, -7.38562f }, { 0.308236f, -0.288415f, 0.906535f, -5.69185f }, { 0f, -0f, 0f, 1f } } },
                new() { elements = new[,] { { 0.51046f, -0.753984f, -0.413446f, -10.8731f }, { 0.802757f, 0.59019f, -0.0851806f, -7.38562f }, { 0.308236f, -0.288415f, 0.906535f, -5.69185f }, { 0f, -0f, 0f, 0.999999f } } },
                new() { elements = new[,] { { 0.510461f, -0.753984f, -0.413446f, -10.8731f }, { 0.802757f, 0.59019f, -0.0851807f, -7.38562f }, { 0.308236f, -0.288415f, 0.906535f, -5.69185f }, { 0f, -0f, 0f, 1f } } },
                new() { elements = new[,] { { 0.510461f, -0.753984f, -0.413446f, -10.8731f }, { 0.802757f, 0.59019f, -0.0851806f, -7.38562f }, { 0.308236f, -0.288415f, 0.906535f, -5.69185f }, { 0f, -0f, 0f, 1f } } },
                new() { elements = new[,] { { 0.51046f, -0.753984f, -0.413446f, -10.8731f }, { 0.802757f, 0.59019f, -0.0851806f, -7.38562f }, { 0.308236f, -0.288415f, 0.906535f, -5.69185f }, { 0f, -0f, 0f, 0.999999f } } },
                new() { elements = new[,] { { 0.510461f, -0.753984f, -0.413446f, -10.8731f }, { 0.802757f, 0.59019f, -0.0851807f, -7.38562f }, { 0.308236f, -0.288415f, 0.906535f, -5.69185f }, { 0f, -0f, 0f, 1f } } },
                new() { elements = new[,] { { 0.510461f, -0.753984f, -0.413446f, -10.8731f }, { 0.802757f, 0.59019f, -0.0851806f, -7.38562f }, { 0.308236f, -0.288415f, 0.906535f, -5.69185f }, { 0f, -0f, 0f, 1f } } },
                new() { elements = new[,] { { 0.51046f, -0.753984f, -0.413446f, -10.8731f }, { 0.802757f, 0.59019f, -0.0851806f, -7.38562f }, { 0.308236f, -0.288415f, 0.906535f, -5.69185f }, { 0f, -0f, 0f, 0.999999f } } },
                new() { elements = new[,] { { 0.510461f, -0.753984f, -0.413446f, -10.8731f }, { 0.802757f, 0.59019f, -0.0851807f, -7.38562f }, { 0.308236f, -0.288415f, 0.906535f, -5.69185f }, { 0f, -0f, 0f, 1f } } },
                new() { elements = new[,] { { 0.510461f, -0.753984f, -0.413446f, -10.8731f }, { 0.802757f, 0.59019f, -0.0851806f, -7.38562f }, { 0.308236f, -0.288415f, 0.906535f, -5.69185f }, { 0f, -0f, 0f, 1f } } },
                new() { elements = new[,] { { 0.51046f, -0.753984f, -0.413446f, -10.8731f }, { 0.802757f, 0.59019f, -0.0851806f, -7.38562f }, { 0.308236f, -0.288415f, 0.906535f, -5.69185f }, { 0f, -0f, 0f, 0.999999f } } },
                new() { elements = new[,] { { 0.999133f, 0.041391f, 0.00455318f, 0.356467f }, { -0.0416175f, 0.996236f, 0.076036f, 0.0318193f }, { -0.0013888f, -0.0761596f, 0.997095f, -1.51594f }, { 0f, -0f, 0f, 1f } } },
                new() { elements = new[,] { { 0.999799f, -0.0199419f, -0.00179186f, -0.339511f }, { 0.0199679f, 0.999674f, 0.0159021f, -0.0904579f }, { 0.00147417f, -0.0159347f, 0.999872f, -0.874296f }, { 0f, -0f, 0f, 1f } } },
                new() { elements = new[,] { { 0.999637f, -0.0269319f, -0.000730667f, -0.391343f }, { 0.0269417f, 0.999241f, 0.02814f, -0.0822258f }, { -2.77486e-05f, -0.0281494f, 0.999603f, -0.984244f }, { 0f, -0f, 0f, 1f } } },
                new() { elements = new[,] { { 0.999637f, -0.0269417f, -2.88667e-05f, -0.391365f }, { 0.0269417f, 0.999635f, 0.002101f, -0.0812187f }, { -2.77485e-05f, -0.00210101f, 0.999997f, -0.825575f }, { 0f, -0f, 0f, 1f } } },
                new() { elements = new[,] { { 0.991322f, 0.0416826f, -0.124669f, -0.29213f }, { -0.0429928f, 0.999044f, -0.00783659f, -0.0207877f }, { 0.124223f, 0.0131285f, 0.992167f, -0.91394f }, { 0f, -0f, 0f, 1f } } },
                new() { elements = new[,] { { 0.999967f, -0.00624113f, -0.00521267f, -0.193277f }, { 0.00218807f, 0.823908f, -0.56672f, -2.92123f }, { 0.00783173f, 0.56669f, 0.823894f, 8.34167f }, { 0f, -0f, 0f, 1f } } },
                new() { elements = new[,] { { 0.999851f, 0.0111912f, 0.0131535f, 0.0968533f }, { -0.00357764f, 0.879331f, -0.476198f, -2.0343f }, { -0.0168955f, 0.47608f, 0.879239f, 6.51188f }, { 0f, -0f, 0f, 1f } } },
                new() { elements = new[,] { { 0.992158f, 0.108212f, -0.0625521f, 1.79425f }, { -0.123153f, 0.931849f, -0.341307f, -1.74518f }, { 0.0213555f, 0.346334f, 0.937868f, 4.38427f }, { 0f, -0f, 0f, 1f } } },
                new() { elements = new[,] { { 0.996056f, 0.0688057f, -0.0560186f, 1.2798f }, { -0.0774133f, 0.982437f, -0.169779f, -1.32669f }, { 0.043353f, 0.173446f, 0.983889f, 2.12143f }, { 0f, -0f, 0f, 1f } } },
                new() { elements = new[,] { { 0.998812f, 0.0155149f, -0.0461835f, 0.749969f }, { -0.021694f, 0.990408f, -0.136459f, -1.12993f }, { 0.0436234f, 0.137299f, 0.989569f, 1.75917f }, { 0f, -0f, 0f, 1f } } },
                new() { elements = new[,] { { 0.996632f, -0.0731654f, -0.0370324f, 0.168937f }, { 0.0661704f, 0.984268f, -0.163823f, -0.800847f }, { 0.048436f, 0.160821f, 0.985794f, 1.93183f }, { 0f, -0f, 0f, 1f } } },
                new() { elements = new[,] { { 0.999262f, 0.0264281f, -0.0278555f, 0.331575f }, { -0.0265939f, 0.99963f, -0.00559896f, -0.0627422f }, { 0.0276972f, 0.00633562f, 0.999596f, -0.575477f }, { 0f, -0f, 0f, 1f } } },
                new() { elements = new[,] { { 0.654415f, 0.712112f, -0.254239f, 10.7644f }, { -0.74915f, 0.656219f, -0.0902856f, -6.25523f }, { 0.102543f, 0.249547f, 0.962918f, 3.33809f }, { 0f, -0f, 0f, 1f } } },
                new() { elements = new[,] { { 0.574594f, 0.770431f, -0.276185f, 11.3318f }, { -0.810676f, 0.582125f, -0.0627213f, -7.53932f }, { 0.112452f, 0.259936f, 0.959055f, 3.52257f }, { 0f, -0f, 0f, 1f } } },
                new() { elements = new[,] { { 0.517922f, 0.747645f, 0.415672f, 10.5777f }, { -0.797174f, 0.598089f, -0.0824809f, -7.25962f }, { -0.310276f, -0.288644f, 0.905766f, -5.69702f }, { 0f, -0f, 0f, 1f } } },
                new() { elements = new[,] { { 0.574594f, 0.770431f, -0.276185f, 11.2458f }, { -0.810676f, 0.582125f, -0.0627213f, -8.86374f }, { 0.112452f, 0.259936f, 0.959055f, 3.57393f }, { 0f, -0f, 0f, 1f } } },
                new() { elements = new[,] { { 0.517922f, 0.747645f, 0.415672f, 10.5777f }, { -0.797174f, 0.598089f, -0.0824809f, -7.25962f }, { -0.310276f, -0.288644f, 0.905766f, -5.69702f }, { 0f, -0f, 0f, 1f } } },
                new() { elements = new[,] { { 0.517921f, 0.747645f, 0.415672f, 10.5777f }, { -0.797174f, 0.598089f, -0.0824809f, -7.25962f }, { -0.310276f, -0.288644f, 0.905766f, -5.69702f }, { 0f, -0f, 0f, 1f } } },
                new() { elements = new[,] { { 0.517922f, 0.747645f, 0.415672f, 10.5777f }, { -0.797174f, 0.598089f, -0.0824809f, -7.25962f }, { -0.310276f, -0.288644f, 0.905766f, -5.69702f }, { 0f, -0f, 0f, 1f } } },
                new() { elements = new[,] { { 0.517921f, 0.747645f, 0.415672f, 10.5777f }, { -0.797174f, 0.598089f, -0.0824809f, -7.25962f }, { -0.310276f, -0.288644f, 0.905766f, -5.69702f }, { 0f, -0f, 0f, 1f } } },
                new() { elements = new[,] { { 0.517921f, 0.747645f, 0.415672f, 10.5777f }, { -0.797173f, 0.598089f, -0.0824809f, -7.25962f }, { -0.310276f, -0.288644f, 0.905766f, -5.69702f }, { 0f, -0f, 0f, 0.999999f } } },
                new() { elements = new[,] { { 0.517922f, 0.747645f, 0.415672f, 10.5777f }, { -0.797174f, 0.598089f, -0.0824809f, -7.25962f }, { -0.310276f, -0.288644f, 0.905766f, -5.69702f }, { 0f, -0f, 0f, 1f } } },
                new() { elements = new[,] { { 0.517921f, 0.747645f, 0.415672f, 10.5777f }, { -0.797174f, 0.598089f, -0.0824809f, -7.25962f }, { -0.310276f, -0.288644f, 0.905766f, -5.69702f }, { 0f, -0f, 0f, 1f } } },
                new() { elements = new[,] { { 0.517921f, 0.747645f, 0.415672f, 10.5777f }, { -0.797173f, 0.598089f, -0.0824809f, -7.25962f }, { -0.310276f, -0.288644f, 0.905766f, -5.69702f }, { 0f, -0f, 0f, 0.999999f } } },
                new() { elements = new[,] { { 0.517922f, 0.747645f, 0.415672f, 10.5777f }, { -0.797174f, 0.598089f, -0.0824809f, -7.25962f }, { -0.310276f, -0.288644f, 0.905766f, -5.69702f }, { 0f, -0f, 0f, 1f } } },
                new() { elements = new[,] { { 0.517921f, 0.747645f, 0.415672f, 10.5777f }, { -0.797174f, 0.598089f, -0.0824809f, -7.25962f }, { -0.310276f, -0.288644f, 0.905766f, -5.69702f }, { 0f, -0f, 0f, 1f } } },
                new() { elements = new[,] { { 0.517921f, 0.747645f, 0.415672f, 10.5777f }, { -0.797173f, 0.598089f, -0.0824809f, -7.25962f }, { -0.310276f, -0.288644f, 0.905766f, -5.69702f }, { 0f, -0f, 0f, 0.999999f } } },
                new() { elements = new[,] { { 0.517922f, 0.747645f, 0.415672f, 10.5777f }, { -0.797174f, 0.598089f, -0.0824809f, -7.25962f }, { -0.310276f, -0.288644f, 0.905766f, -5.69702f }, { 0f, -0f, 0f, 1f } } },
                new() { elements = new[,] { { 0.517921f, 0.747645f, 0.415672f, 10.5777f }, { -0.797174f, 0.598089f, -0.0824809f, -7.25962f }, { -0.310276f, -0.288644f, 0.905766f, -5.69702f }, { 0f, -0f, 0f, 1f } } },
                new() { elements = new[,] { { 0.517921f, 0.747645f, 0.415672f, 10.5777f }, { -0.797173f, 0.598089f, -0.0824809f, -7.25962f }, { -0.310276f, -0.288644f, 0.905766f, -5.69702f }, { 0f, -0f, 0f, 0.999999f } } },
                new() { elements = new[,] { { 0.999653f, -0.0263003f, -0.00168654f, -0.391626f }, { 0.0263543f, 0.997745f, 0.0617273f, 0.0185089f }, { 5.92917e-05f, -0.0617503f, 0.998092f, -1.35834f }, { 0f, -0f, 0f, 1f } } },
                new() { elements = new[,] { { 0.999857f, 0.0168403f, 0.00172785f, 0.0984083f }, { -0.0168656f, 0.999732f, 0.0158818f, -0.086587f }, { -0.00145993f, -0.0159086f, 0.999872f, -0.874026f }, { 0f, -0f, 0f, 1f } } },
                new() { elements = new[,] { { 0.997533f, 0.0701049f, 0.00367449f, 0.650133f }, { -0.0699591f, 0.997073f, -0.030818f, -0.144094f }, { -0.00582423f, 0.0304849f, 0.999518f, -0.358434f }, { 0f, -0f, 0f, 1f } } },
                new() { elements = new[,] { { 0.997533f, 0.0701696f, -0.00210448f, 0.650218f }, { -0.0699591f, 0.991159f, -0.112728f, -0.184495f }, { -0.00582423f, 0.112598f, 0.993623f, 0.141357f }, { 0f, -0f, 0f, 1f } } },
                new() { elements = new[,] { { 0.989411f, -0.01852f, 0.143953f, 0.524264f }, { 0.0223978f, 0.999427f, -0.025365f, -0.0925657f }, { -0.143401f, 0.0283207f, 0.989259f, -0.0920117f }, { 0f, -0f, 0f, 1f } } },
                new() { elements = new[,] { { 0.99997f, -0.00710339f, 0.00296134f, -0.222096f }, { 0.00710339f, 0.703845f, -0.710317f, -5.0622f }, { 0.00296134f, 0.710317f, 0.703875f, 11.3289f }, { 0f, -0f, 0f, 1f } } },
                new() { elements = new[,] { { 0.999754f, -0.00567631f, -0.0214246f, -0.195758f }, { -0.00857505f, 0.792306f, -0.610063f, -2.59012f }, { 0.0204378f, 0.610097f, 0.792063f, 8.28268f }, { 0f, -0f, 0f, 1f } } },
                new() { elements = new[,] { { 0.999978f, -0.00587594f, 0.00295975f, -0.191563f }, { 0.00623498f, 0.702725f, -0.711434f, -5.05232f }, { 0.00210045f, 0.711437f, 0.702747f, 10.5691f }, { 0f, -0f, 0f, 1f } } },
                new() { elements = new[,] { { 0.997055f, -0.04914f, 0.0588803f, -0.920795f }, { 0.0738746f, 0.821571f, -0.565299f, -2.06869f }, { -0.0205956f, 0.567984f, 0.822782f, 7.94198f }, { 0f, -0f, 0f, 1f } } },
                new() { elements = new[,] { { 0.999905f, 0.0130443f, 0.0043757f, 0.125812f }, { -0.013342f, 0.996957f, 0.0768323f, -0.675463f }, { -0.0033601f, -0.0768832f, 0.997037f, 0.652358f }, { 0f, -0f, 0f, 1f } } },
                new() { elements = new[,] { { 0.769298f, 0.0810996f, -0.63372f, -1.14888f }, { -0.326158f, 0.902769f, -0.280405f, -4.15865f }, { 0.549363f, 0.422408f, 0.720951f, 3.68812f }, { 0f, -0f, 0f, 0.999999f } } },
                new() { elements = new[,] { { 0.766324f, -0.080577f, 0.63738f, 0.944989f }, { 0.327969f, 0.902156f, -0.280268f, -4.15245f }, { -0.552433f, 0.423817f, 0.717771f, 3.68827f }, { 0f, -0f, 0f, 0.999999f } } },
                new() { elements = new[,] { { 0.991322f, 0.0416826f, -0.124669f, -0.29213f }, { -0.0429928f, 0.999044f, -0.00783659f, -0.0207879f }, { 0.124223f, 0.0131285f, 0.992167f, -0.91394f }, { 0f, -0f, 0f, 1f } } },
                new() { elements = new[,] { { 0.989411f, -0.01852f, 0.143953f, 0.524264f }, { 0.0223978f, 0.999427f, -0.025365f, -0.0925655f }, { -0.143401f, 0.0283207f, 0.989259f, -0.0920117f }, { 0f, -0f, 0f, 1f } } },
                new() { elements = new[,] { { 1f, -0f, 0f, 0.0592606f }, { -0f, 1f, -0f, 3.83858f }, { 0f, -0f, 1f, 2.82477f }, { 0f, -0f, 0f, 1f } } },
                new() { elements = new[,] { { 1f, -0f, 0f, -1.98298f }, { -0f, 1f, -0f, -2.76758f }, { 0f, -0f, 1f, 4.58084f }, { 0f, -0f, 0f, 1f } } },
                new() { elements = new[,] { { 1f, -0f, 0f, 1.779f }, { -0f, 1f, -0f, -2.76758f }, { 0f, -0f, 1f, 4.58084f }, { 0f, -0f, 0f, 1f } } },
                new() { elements = new[,] { { 0.988771f, -0f, -0.149438f, -0.34682f }, { -0f, 1f, -0f, -0f }, { 0.149438f, -0f, 0.988771f, -0.955575f }, { 0f, -0f, 0f, 1f } } },
                new() { elements = new[,] { { 0.987227f, -0f, 0.159318f, 0.554089f }, { -0f, 1f, -0f, -0f }, { -0.159318f, -0f, 0.987227f, -0.136367f }, { 0f, -0f, 0f, 1f } } },
                new() { elements = new[,] { { 0.988771f, -0f, -0.149438f, -0.34682f }, { -0f, 1f, -0f, -0f }, { 0.149438f, -0f, 0.988771f, -0.955575f }, { 0f, -0f, 0f, 1f } } },
                new() { elements = new[,] { { 0.987227f, -0f, 0.159318f, 0.554089f }, { -0f, 1f, -0f, -0f }, { -0.159318f, -0f, 0.987227f, -0.136367f }, { 0f, -0f, 0f, 1f } } },
                new() { elements = new[,] { { 1f, -0f, 0f, -0.101988f }, { -0f, 1f, -0f, -0.0546427f }, { 0f, -0f, 1f, -0.681554f }, { 0f, -0f, 0f, 1f } } },
                new() { elements = new[,] { { 0.99997f, -0.00710339f, 0.00296134f, -0.222096f }, { 0.00710339f, 0.703845f, -0.710317f, -5.0622f }, { 0.00296134f, 0.710317f, 0.703875f, 11.3289f }, { 0f, -0f, 0f, 1f } } },
                new() { elements = new[,] { { 0.99997f, -0.00710339f, 0.00296134f, -0.222096f }, { 0.00710339f, 0.703845f, -0.710317f, -5.0622f }, { 0.00296134f, 0.710317f, 0.703875f, 11.3289f }, { 0f, -0f, 0f, 1f } } },
                new() { elements = new[,] { { 0.99997f, -0.00710339f, 0.00296134f, -0.222096f }, { 0.00710339f, 0.703845f, -0.710317f, -5.0622f }, { 0.00296134f, 0.710317f, 0.703875f, 11.3289f }, { 0f, -0f, 0f, 1f } } },
                new() { elements = new[,] { { 1f, -0f, 0f, -0.101988f }, { -0f, 1f, -0f, -0.0546427f }, { 0f, -0f, 1f, -0.681554f }, { 0f, -0f, 0f, 1f } } },
                new() { elements = new[,] { { 0.566349f, -0.77577f, 0.278262f, -11.5111f }, { 0.816159f, 0.57486f, -0.0584752f, -8.98175f }, { -0.114599f, 0.260224f, 0.958723f, 3.5826f }, { 0f, -0f, 0f, 1f } } },
                new() { elements = new[,] { { 0.510461f, -0.753984f, -0.413446f, -10.8731f }, { 0.802757f, 0.59019f, -0.0851807f, -7.38562f }, { 0.308236f, -0.288415f, 0.906535f, -5.69185f }, { 0f, -0f, 0f, 1f } } },
                new() { elements = new[,] { { 0.51046f, -0.753984f, -0.413446f, -10.8731f }, { 0.802757f, 0.59019f, -0.0851806f, -7.38562f }, { 0.308236f, -0.288415f, 0.906535f, -5.69185f }, { 0f, -0f, 0f, 0.999999f } } },
                new() { elements = new[,] { { 0.51046f, -0.753984f, -0.413446f, -10.8731f }, { 0.802757f, 0.59019f, -0.0851806f, -7.38562f }, { 0.308236f, -0.288415f, 0.906535f, -5.69185f }, { 0f, -0f, 0f, 0.999999f } } },
                new() { elements = new[,] { { 0.51046f, -0.753984f, -0.413446f, -10.8731f }, { 0.802757f, 0.59019f, -0.0851806f, -7.38562f }, { 0.308236f, -0.288415f, 0.906535f, -5.69185f }, { 0f, -0f, 0f, 0.999999f } } },
                new() { elements = new[,] { { 0.51046f, -0.753984f, -0.413446f, -10.8731f }, { 0.802757f, 0.59019f, -0.0851806f, -7.38562f }, { 0.308236f, -0.288415f, 0.906535f, -5.69185f }, { 0f, -0f, 0f, 0.999999f } } },
                new() { elements = new[,] { { 0.51046f, -0.753984f, -0.413446f, -10.8731f }, { 0.802757f, 0.59019f, -0.0851806f, -7.38562f }, { 0.308236f, -0.288415f, 0.906535f, -5.69185f }, { 0f, -0f, 0f, 0.999999f } } },
                new() { elements = new[,] { { 1f, -0f, 0f, -0.101988f }, { -0f, 1f, -0f, -0.0546427f }, { 0f, -0f, 1f, -0.681554f }, { 0f, -0f, 0f, 1f } } },
                new() { elements = new[,] { { 0.925994f, -0.363066f, 0.103524f, -4.45495f }, { 0.36459f, 0.931157f, 0.00447675f, -1.25525f }, { -0.0980223f, 0.0335983f, 0.994617f, -0.174801f }, { 0f, -0f, 0f, 1f } } },
                new() { elements = new[,] { { 0.574594f, 0.770431f, -0.276185f, 11.2458f }, { -0.810676f, 0.582125f, -0.0627213f, -8.86374f }, { 0.112452f, 0.259936f, 0.959055f, 3.57393f }, { 0f, -0f, 0f, 1f } } },
                new() { elements = new[,] { { 0.517922f, 0.747645f, 0.415672f, 10.5777f }, { -0.797174f, 0.598089f, -0.0824809f, -7.25962f }, { -0.310276f, -0.288644f, 0.905766f, -5.69702f }, { 0f, -0f, 0f, 1f } } },
                new() { elements = new[,] { { 0.517921f, 0.747645f, 0.415672f, 10.5777f }, { -0.797173f, 0.598089f, -0.0824809f, -7.25962f }, { -0.310276f, -0.288644f, 0.905766f, -5.69702f }, { 0f, -0f, 0f, 0.999999f } } },
                new() { elements = new[,] { { 0.517921f, 0.747645f, 0.415672f, 10.5777f }, { -0.797173f, 0.598089f, -0.0824809f, -7.25962f }, { -0.310276f, -0.288644f, 0.905766f, -5.69702f }, { 0f, -0f, 0f, 0.999999f } } },
                new() { elements = new[,] { { 0.517921f, 0.747645f, 0.415672f, 10.5777f }, { -0.797173f, 0.598089f, -0.0824809f, -7.25962f }, { -0.310276f, -0.288644f, 0.905766f, -5.69702f }, { 0f, -0f, 0f, 0.999999f } } },
                new() { elements = new[,] { { 0.517921f, 0.747645f, 0.415672f, 10.5777f }, { -0.797173f, 0.598089f, -0.0824809f, -7.25962f }, { -0.310276f, -0.288644f, 0.905766f, -5.69702f }, { 0f, -0f, 0f, 0.999999f } } },
                new() { elements = new[,] { { 0.517921f, 0.747645f, 0.415672f, 10.5777f }, { -0.797173f, 0.598089f, -0.0824809f, -7.25962f }, { -0.310276f, -0.288644f, 0.905766f, -5.69702f }, { 0f, -0f, 0f, 0.999999f } } },
                new() { elements = new[,] { { 0.999998f, -0.00166862f, -3.48006e-05f, -0.122083f }, { 0.00166862f, 0.999129f, 0.0416936f, -0.0236292f }, { -3.48006e-05f, -0.0416936f, 0.99913f, -1.18367f }, { 0f, -0f, 0f, 1f } } },
                new() { elements = new[,] { { 0.925994f, 0.363066f, -0.103524f, 4.25098f }, { -0.36459f, 0.931157f, 0.00447675f, -1.25525f }, { 0.0980223f, 0.0335983f, 0.994617f, -0.174801f }, { 0f, -0f, 0f, 1f } } },
                new() { elements = new[,] { { 1f, -0f, 0f, -0.101988f }, { -0f, 1f, -0f, -0.0546441f }, { 0f, -0f, 1f, -0.681554f }, { 0f, -0f, 0f, 1f } } },
                new() { elements = new[,] { { 0.99997f, -0.00710339f, 0.00296134f, -0.222096f }, { 0.00710339f, 0.703845f, -0.710317f, -5.06219f }, { 0.00296134f, 0.710317f, 0.703875f, 11.3289f }, { 0f, -0f, 0f, 1f } } },
                new() { elements = new[,] { { 1f, -0f, 0f, 0.0592606f }, { -0f, 1f, -0f, 3.83858f }, { 0f, -0f, 1f, 2.82477f }, { 0f, -0f, 0f, 1f } } },
                new() { elements = new[,] { { 1f, -0f, 0f, -1.98298f }, { -0f, 1f, -0f, -2.76758f }, { 0f, -0f, 1f, 4.58083f }, { 0f, -0f, 0f, 1f } } },
                new() { elements = new[,] { { 1f, -0f, 0f, 1.779f }, { -0f, 1f, -0f, -2.76758f }, { 0f, -0f, 1f, 4.58083f }, { 0f, -0f, 0f, 1f } } },
                new() { elements = new[,] { { 0.988771f, -0f, -0.149438f, -0.34682f }, { -0f, 1f, -0f, -0f }, { 0.149438f, -0f, 0.988771f, -0.955575f }, { 0f, -0f, 0f, 1f } } },
                new() { elements = new[,] { { 0.987227f, -0f, 0.159318f, 0.554089f }, { -0f, 1f, -0f, -0f }, { -0.159318f, -0f, 0.987227f, -0.136367f }, { 0f, -0f, 0f, 1f } } },
                new() { elements = new[,] { { 0.988771f, -0f, -0.149438f, -0.34682f }, { -0f, 1f, -0f, -0f }, { 0.149438f, -0f, 0.988771f, -0.955575f }, { 0f, -0f, 0f, 1f } } },
                new() { elements = new[,] { { 0.987227f, -0f, 0.159318f, 0.554089f }, { -0f, 1f, -0f, -0f }, { -0.159318f, -0f, 0.987227f, -0.136366f }, { 0f, -0f, 0f, 1f } } },
                new() { elements = new[,] { { 0.970958f, 0.0704834f, 0.228628f, 1.45741f }, { -0.0857325f, 0.99466f, 0.0574545f, 1.18101f }, { -0.223358f, -0.0753868f, 0.971817f, -3.97847f }, { 0f, -0f, 0f, 1f } } },
                new() { elements = new[,] { { 0.932198f, -0.199016f, 0.302321f, -3.62478f }, { 0.277228f, 0.9296f, -0.242873f, 0.0169258f }, { -0.232703f, 0.310218f, 0.921745f, 3.70149f }, { 0f, -0f, 0f, 1f } } },
                new() { elements = new[,] { { 0.905951f, -0.270044f, 0.326082f, -4.87256f }, { 0.251185f, 0.962813f, 0.0994859f, 0.863267f }, { -0.340821f, -0.00822264f, 0.940092f, -2.15079f }, { 0f, -0f, 0f, 1f } } }
            ];
        }
    }
}
