namespace SkinMeshAnimation
{
	public class BoneData
	{
		public Matrix[][] matrices;
		public BoneData()     // 初音ミク.pmx用ボーンデータ
        {
			matrices = [
                [
					new(1f, -0f, 0f, -1.36856f, -0f, 1f, -0f, 2.30774f, 0f, -0f, 1f, -1.89704f, 0f, -0f, 0f, 1f),
					new(0.931023f, -0.21968f, -0.291439f, -4.36497f, 0.214749f, 0.975428f, -0.0492243f, 1.96834f, 0.295092f, -0.0167573f, 0.955322f, -2.13134f, 0f, -0f, 0f, 1f),
					new(0.931023f, -0.21968f, -0.291439f, -4.36497f, 0.214749f, 0.975428f, -0.0492243f, 1.96834f, 0.295092f, -0.0167573f, 0.955322f, -2.13134f, 0f, -0f, 0f, 1f),
					new(0.999839f, 0.015302f, -0.00934969f, -0.39175f, -0.0112986f, 0.942441f, 0.334181f, 1.41058f, 0.0139252f, -0.334021f, 0.942462f, -7.49583f, 0f, -0f, 0f, 1f),
					new(0.999839f, 0.015302f, -0.00934969f, -0.39175f, -0.0112986f, 0.942441f, 0.334181f, 1.41058f, 0.0139252f, -0.334021f, 0.942462f, -7.49583f, 0f, -0f, 0f, 1f),
					new(0.999839f, 0.015302f, -0.00934969f, -0.39175f, -0.0112986f, 0.942441f, 0.334181f, 1.41058f, 0.0139252f, -0.334021f, 0.942462f, -7.49583f, 0f, -0f, 0f, 1f),
					new(0.845725f, 0.182651f, -0.501386f, 1.60251f, -0.158047f, 0.983176f, 0.0915722f, 2.24282f, 0.509677f, 0.001798f, 0.860364f, -1.95598f, 0f, -0f, 0f, 1f),
					new(0.936183f, 0.0858463f, -0.34087f, 0.596292f, -0.0109996f, 0.9764f, 0.215691f, 2.33702f, 0.351342f, -0.198177f, 0.915033f, -4.84241f, 0f, -0f, 0f, 1f),
					new(0.984572f, 0.0765707f, -0.157337f, 0.761047f, -0.0479328f, 0.9828f, 0.178346f, 2.36888f, 0.168287f, -0.168053f, 0.971307f, -4.35127f, 0f, -0f, 0f, 1f),
					new(0.89812f, -0.314812f, -0.30704f, -5.61586f, 0.330128f, 0.943933f, -0.00217079f, 1.56472f, 0.290509f, -0.0994131f, 0.951694f, -3.22586f, 0f, -0f, 0f, 1f),
					new(0.889962f, -0.340163f, -0.303739f, -5.83662f, 0.358806f, 0.933393f, 0.00598684f, 1.49675f, 0.281472f, -0.114312f, 0.952736f, -3.43408f, 0f, -0f, 0f, 1f),
					new(0.997132f, 0.049949f, 0.056852f, 0.148591f, -0.0667734f, 0.934239f, 0.35034f, 1.36527f, -0.0356142f, -0.353132f, 0.934896f, -7.72907f, 0f, -0f, 0f, 1f),
					new(0.995067f, 0.0588815f, 0.0798432f, 0.251584f, -0.0785074f, 0.959402f, 0.270895f, 1.97056f, -0.0606511f, -0.275826f, 0.959292f, -6.38423f, 0f, -0f, 0f, 1f),
					new(0.985271f, 0.155477f, 0.0711887f, 1.84576f, -0.166212f, 0.968572f, 0.185046f, 2.53672f, -0.0401809f, -0.194153f, 0.980148f, -5.16558f, 0f, -0f, 0f, 1f),
					new(0.994803f, -0.037414f, -0.0946934f, -0.294483f, 0.035295f, 0.99909f, -0.0239551f, 2.66067f, 0.0955035f, 0.0204884f, 0.995218f, -2.81272f, 0f, -0f, 0f, 1f),
					new(0.998204f, -0.0306191f, -0.0514909f, -0.340892f, 0.0199567f, 0.98038f, -0.196103f, 2.85283f, 0.0564851f, 0.194723f, 0.97923f, -0.957253f, 0f, -0f, 0f, 1f),
					new(0.99249f, -0.120639f, 0.0202242f, -1.05433f, 0.122261f, 0.983586f, -0.132704f, 2.25836f, -0.00388302f, 0.13418f, 0.990949f, -1.17866f, 0f, -0f, 0f, 1f),
					new(0.983862f, -0.0132176f, -0.178438f, -1.07187f, 0.0129127f, 0.999912f, -0.00286987f, 2.37852f, 0.17846f, 0.000519466f, 0.983947f, -1.84435f, 0f, -0f, 0f, 1f),
					new(0.759891f, -0.633799f, 0.144441f, -10.6531f, 0.649443f, 0.73061f, -0.210791f, -2.51309f, 0.0280692f, 0.253984f, 0.966801f, 2.31082f, 0f, -0f, 0f, 1f),
					new(0.686024f, -0.712311f, 0.148269f, -11.5208f, 0.725228f, 0.685825f, -0.0607212f, -3.48671f, -0.0584346f, 0.149185f, 0.987081f, 1.10353f, 0f, -0f, 0f, 1f),
					new(0.295247f, -0.919175f, -0.260664f, -12.1385f, 0.953063f, 0.302501f, 0.0128013f, -9.61791f, 0.0670845f, -0.252208f, 0.965345f, -4.72448f, 0f, -0f, 0f, 1f),
					new(0.686024f, -0.712311f, 0.148269f, -11.6174f, 0.725228f, 0.685825f, -0.0607212f, -4.80823f, -0.0584346f, 0.149185f, 0.987081f, 1.19488f, 0f, -0f, 0f, 1f),
					new(0.295247f, -0.919175f, -0.260664f, -12.1385f, 0.953063f, 0.302501f, 0.0128013f, -9.61791f, 0.0670845f, -0.252208f, 0.965344f, -4.72448f, 0f, -0f, 0f, 1f),
					new(0.295247f, -0.919175f, -0.260664f, -12.1385f, 0.953063f, 0.302501f, 0.0128012f, -9.61791f, 0.0670845f, -0.252208f, 0.965344f, -4.72448f, 0f, -0f, 0f, 1f),
					new(0.295247f, -0.919175f, -0.260664f, -12.1385f, 0.953063f, 0.302501f, 0.0128013f, -9.61791f, 0.0670845f, -0.252208f, 0.965344f, -4.72448f, 0f, -0f, 0f, 1f),
					new(0.295247f, -0.919175f, -0.260664f, -12.1385f, 0.953063f, 0.302501f, 0.0128012f, -9.61791f, 0.0670845f, -0.252208f, 0.965344f, -4.72448f, 0f, -0f, 0f, 1f),
					new(0.295246f, -0.919175f, -0.260664f, -12.1385f, 0.953062f, 0.302501f, 0.0128012f, -9.61791f, 0.0670845f, -0.252208f, 0.965344f, -4.72448f, 0f, -0f, 0f, 0.999999f),
					new(0.295247f, -0.919175f, -0.260664f, -12.1385f, 0.953063f, 0.302501f, 0.0128013f, -9.61791f, 0.0670845f, -0.252208f, 0.965344f, -4.72448f, 0f, -0f, 0f, 1f),
					new(0.295247f, -0.919175f, -0.260664f, -12.1385f, 0.953063f, 0.302501f, 0.0128012f, -9.61791f, 0.0670845f, -0.252208f, 0.965344f, -4.72448f, 0f, -0f, 0f, 1f),
					new(0.295246f, -0.919175f, -0.260664f, -12.1385f, 0.953062f, 0.302501f, 0.0128012f, -9.61791f, 0.0670845f, -0.252208f, 0.965344f, -4.72448f, 0f, -0f, 0f, 0.999999f),
					new(0.295247f, -0.919175f, -0.260664f, -12.1385f, 0.953063f, 0.302501f, 0.0128013f, -9.61791f, 0.0670845f, -0.252208f, 0.965344f, -4.72448f, 0f, -0f, 0f, 1f),
					new(0.295247f, -0.919175f, -0.260664f, -12.1385f, 0.953063f, 0.302501f, 0.0128012f, -9.61791f, 0.0670845f, -0.252208f, 0.965344f, -4.72448f, 0f, -0f, 0f, 1f),
					new(0.295246f, -0.919175f, -0.260664f, -12.1385f, 0.953062f, 0.302501f, 0.0128012f, -9.61791f, 0.0670845f, -0.252208f, 0.965344f, -4.72448f, 0f, -0f, 0f, 0.999999f),
					new(0.295247f, -0.919175f, -0.260664f, -12.1385f, 0.953063f, 0.302501f, 0.0128013f, -9.61791f, 0.0670845f, -0.252208f, 0.965344f, -4.72448f, 0f, -0f, 0f, 1f),
					new(0.295247f, -0.919175f, -0.260664f, -12.1385f, 0.953063f, 0.302501f, 0.0128012f, -9.61791f, 0.0670845f, -0.252208f, 0.965344f, -4.72448f, 0f, -0f, 0f, 1f),
					new(0.295246f, -0.919175f, -0.260664f, -12.1385f, 0.953062f, 0.302501f, 0.0128012f, -9.61791f, 0.0670845f, -0.252208f, 0.965344f, -4.72448f, 0f, -0f, 0f, 0.999999f),
					new(0.976965f, 0.016168f, -0.212787f, -1.72059f, 0.0902877f, 0.872167f, 0.480804f, 1.73219f, 0.19336f, -0.48894f, 0.850617f, -7.34926f, 0f, -0f, 0f, 1f),
					new(0.960066f, -0.119133f, -0.253141f, -3.31782f, 0.115088f, 0.992878f, -0.0307808f, 2.48132f, 0.255005f, 0.000418007f, 0.966939f, -1.97805f, 0f, -0f, 0f, 1f),
					new(0.838276f, 0.47513f, -0.267477f, 2.92873f, -0.240517f, 0.762481f, 0.600644f, 0.112169f, 0.48933f, -0.439173f, 0.753447f, -7.05205f, 0f, -0f, 0f, 1f),
					new(0.838276f, -0.175813f, -0.516122f, -1.04912f, -0.240517f, 0.730281f, -0.639406f, -0.150267f, 0.48933f, 0.660135f, 0.569891f, -0.366544f, 0f, -0f, 0f, 1f),
					new(0.897701f, 0.127619f, -0.421717f, -0.694546f, -0.149755f, 0.988528f, -0.0196338f, 0.116328f, 0.414374f, 0.0807796f, 0.906514f, -1.07726f, 0f, -0f, 0f, 1f),
					new(0.996531f, 0.00128549f, -0.0832128f, -0.58666f, 0.0230775f, 0.956401f, 0.291144f, 1.83907f, 0.079959f, -0.292054f, 0.953054f, -6.55038f, 0f, -0f, 0f, 1f),
					new(0.994553f, -0.00456961f, -0.104128f, -0.635527f, 0.0214389f, 0.986645f, 0.16147f, 2.5907f, 0.101999f, -0.162823f, 0.981369f, -4.31796f, 0f, -0f, 0f, 1f),
					new(0.996999f, 0.0770914f, -0.00699401f, 0.494354f, -0.0766564f, 0.99584f, 0.0492476f, 2.71175f, 0.0107615f, -0.0485637f, 0.998762f, -2.75669f, 0f, -0f, 0f, 1f),
					new(0.982807f, -0.0421109f, 0.179769f, -1.51087f, 0.0731705f, 0.982755f, -0.169817f, 3.51769f, -0.169517f, 0.180051f, 0.96894f, -0.258166f, 0f, -0f, 0f, 1f),
					new(0.973696f, -0.178333f, 0.141822f, -2.75265f, 0.218163f, 0.909249f, -0.3545f, 3.67198f, -0.065733f, 0.376115f, 0.924238f, 2.09351f, 0f, -0f, 0f, 1f),
					new(0.983256f, -0.0847044f, 0.161346f, -2.16153f, 0.132862f, 0.939207f, -0.316603f, 3.34221f, -0.12472f, 0.332739f, 0.934735f, 1.55505f, 0f, -0f, 0f, 1f),
					new(0.83247f, -0.365925f, -0.416044f, -6.70432f, 0.358818f, 0.928204f, -0.0984218f, 1.2393f, 0.422189f, -0.0673509f, 0.904002f, -2.91649f, 0f, -0f, 0f, 1f),
					new(0.474414f, -0.868695f, -0.142477f, -15.0914f, 0.723807f, 0.477051f, -0.498523f, -5.29164f, 0.501033f, 0.133381f, 0.855087f, 0.339093f, 0f, -0f, 0f, 1f),
					new(-0.758844f, 0.554275f, -0.341958f, 1.06193f, 0.607533f, 0.413277f, -0.678311f, -6.51813f, -0.234647f, -0.722482f, -0.650353f, -13.7045f, 0f, -0f, 0f, 1f),
					new(-0.783752f, 0.612831f, -0.100848f, 1.6353f, 0.253896f, 0.167959f, -0.952537f, -11.4039f, -0.566806f, -0.772158f, -0.287233f, -16.1068f, 0f, -0f, 0f, 1f),
					new(-0.758844f, 0.554275f, -0.341958f, -0.229725f, 0.607533f, 0.413277f, -0.678311f, -6.33869f, -0.234647f, -0.722482f, -0.650353f, -13.4525f, 0f, -0f, 0f, 1f),
					new(-0.838165f, 0.36723f, 0.403264f, -1.6133f, -0.208616f, 0.467293f, -0.859137f, -10.0494f, -0.503943f, -0.804226f, -0.315058f, -16.1864f, 0f, -0f, 0f, 1f),
					new(-0.838165f, 0.36723f, 0.403264f, -1.6133f, -0.208616f, 0.467292f, -0.859137f, -10.0494f, -0.503943f, -0.804226f, -0.315058f, -16.1864f, 0f, -0f, 0f, 1f),
					new(-0.783752f, 0.612831f, -0.100848f, 1.6353f, 0.253896f, 0.167958f, -0.952537f, -11.4039f, -0.566806f, -0.772157f, -0.287233f, -16.1068f, 0f, -0f, 0f, 1f),
					new(-0.783752f, 0.612831f, -0.100848f, 1.6353f, 0.253896f, 0.167958f, -0.952537f, -11.4039f, -0.566806f, -0.772157f, -0.287233f, -16.1068f, 0f, -0f, 0f, 1f),
					new(-0.783752f, 0.612831f, -0.100848f, 1.6353f, 0.253896f, 0.167958f, -0.952536f, -11.4039f, -0.566806f, -0.772157f, -0.287233f, -16.1068f, 0f, -0f, 0f, 0.999999f),
					new(-0.783752f, 0.612831f, -0.100848f, 1.6353f, 0.253896f, 0.167958f, -0.952537f, -11.4039f, -0.566806f, -0.772157f, -0.287233f, -16.1068f, 0f, -0f, 0f, 1f),
					new(-0.783752f, 0.612831f, -0.100848f, 1.6353f, 0.253896f, 0.167958f, -0.952537f, -11.4039f, -0.566806f, -0.772157f, -0.287233f, -16.1068f, 0f, -0f, 0f, 1f),
					new(-0.783752f, 0.612831f, -0.100848f, 1.6353f, 0.253896f, 0.167958f, -0.952536f, -11.4039f, -0.566806f, -0.772157f, -0.287233f, -16.1068f, 0f, -0f, 0f, 0.999999f),
					new(-0.783752f, 0.612831f, -0.100848f, 1.6353f, 0.253896f, 0.167958f, -0.952537f, -11.4039f, -0.566806f, -0.772157f, -0.287233f, -16.1068f, 0f, -0f, 0f, 1f),
					new(-0.783752f, 0.612831f, -0.100848f, 1.6353f, 0.253896f, 0.167958f, -0.952537f, -11.4039f, -0.566806f, -0.772157f, -0.287233f, -16.1068f, 0f, -0f, 0f, 1f),
					new(-0.783752f, 0.612831f, -0.100848f, 1.6353f, 0.253896f, 0.167958f, -0.952536f, -11.4039f, -0.566806f, -0.772157f, -0.287233f, -16.1068f, 0f, -0f, 0f, 0.999999f),
					new(-0.582023f, 0.666741f, -0.465515f, 3.64224f, 0.537184f, -0.114521f, -0.835654f, -13.3412f, -0.610476f, -0.736438f, -0.291508f, -15.9121f, 0f, -0f, 0f, 1f),
					new(-0.582023f, 0.666741f, -0.465515f, 3.64224f, 0.537184f, -0.114521f, -0.835654f, -13.3412f, -0.610476f, -0.736438f, -0.291508f, -15.9121f, 0f, -0f, 0f, 1f),
					new(-0.582023f, 0.666741f, -0.465515f, 3.64224f, 0.537184f, -0.114521f, -0.835654f, -13.3412f, -0.610476f, -0.736437f, -0.291508f, -15.9121f, 0f, -0f, 0f, 0.999999f),
					new(0.945016f, -0.0591479f, -0.321632f, -2.52048f, 0.0995902f, 0.988844f, 0.110767f, 1.97921f, 0.311492f, -0.136708f, 0.940364f, -3.62335f, 0f, -0f, 0f, 1f),
					new(0.963914f, -0.135022f, -0.229432f, -3.39317f, 0.10539f, 0.984965f, -0.136878f, 2.00679f, 0.244464f, 0.107759f, 0.963652f, -0.770717f, 0f, -0f, 0f, 1f),
					new(0.808892f, -0.506026f, -0.299383f, -7.74247f, 0.490799f, 0.861508f, -0.130075f, 0.797149f, 0.323742f, -0.0417202f, 0.945224f, -2.57949f, 0f, -0f, 0f, 1f),
					new(0.808892f, -0.582644f, -0.0788499f, -8.19732f, 0.490799f, 0.742969f, -0.455095f, 0.0578084f, 0.323742f, 0.329424f, 0.886944f, -0.322163f, 0f, -0f, 0f, 1f),
					new(0.840243f, -0.0386834f, -0.540827f, -7.44097f, 0.0317138f, 0.99925f, -0.0222021f, -0.000670433f, 0.541281f, 0.00150362f, 0.84084f, -0.571138f, 0f, -0f, 0f, 1f),
					new(0.999839f, 0.015302f, -0.00934969f, -0.39175f, -0.0112986f, 0.942441f, 0.334181f, 1.41058f, 0.0139252f, -0.334021f, 0.942462f, -7.49583f, 0f, -0f, 0f, 1f),
					new(0.993568f, -0.1114f, 0.0203162f, -2.61554f, 0.104241f, 0.969871f, 0.22019f, 1.97542f, -0.0442332f, -0.216656f, 0.975245f, -4.79287f, 0f, -0f, 0f, 1f),
					new(0.986153f, 0.165764f, 0.00498068f, 2.39564f, -0.162156f, 0.957528f, 0.238423f, 1.64924f, 0.0347528f, -0.23593f, 0.971148f, -5.32719f, 0f, -0f, 0f, 1f),
					new(0.928285f, 0.370441f, -0.0325795f, 6.01107f, -0.361181f, 0.918989f, 0.158136f, 1.28131f, 0.0885202f, -0.135028f, 0.98688f, -3.46836f, 0f, -0f, 0f, 1f),
					new(0.965317f, -0.0317547f, -0.259141f, -1.72228f, 0.0525395f, 0.995899f, 0.0736791f, 1.74605f, 0.255738f, -0.0847388f, 0.963027f, -0.66637f, 0f, -0f, 0f, 1f),
					new(0.849919f, 0.201068f, -0.487038f, -0.480654f, -0.378257f, 0.876316f, -0.298311f, 1.77516f, 0.36682f, 0.437766f, 0.820855f, 2.73517f, 0f, -0f, 0f, 0.999999f),
					new(0.959131f, -0.0858634f, 0.269617f, 2.04513f, 0.184484f, 0.912238f, -0.365766f, 1.47898f, -0.214549f, 0.400559f, 0.890798f, 2.91715f, 0f, -0f, 0f, 0.999999f),
					new(0.897701f, 0.127619f, -0.421717f, -0.694546f, -0.149755f, 0.988528f, -0.0196338f, 0.116328f, 0.414374f, 0.0807796f, 0.906514f, -1.07726f, 0f, -0f, 0f, 1f),
					new(0.840243f, -0.0386834f, -0.540827f, -7.44097f, 0.0317138f, 0.99925f, -0.0222021f, -0.000670426f, 0.541281f, 0.00150362f, 0.84084f, -0.571138f, 0f, -0f, 0f, 1f),
					new(1f, -0f, 0f, -1.20731f, -0f, 1f, -0f, 6.20096f, 0f, -0f, 1f, 1.60928f, 0f, -0f, 0f, 1f),
					new(1f, -0f, 0f, -1.23332f, -0f, 1f, -0f, 2.89122f, 0f, -0f, 1f, 2.70035f, 0f, -0f, 0f, 1f),
					new(1f, -0f, 0f, 2.52866f, -0f, 1f, -0f, 2.89122f, 0f, -0f, 1f, 2.70035f, 0f, -0f, 0f, 1f),
					new(0.850164f, -0.059103f, -0.523189f, -0.902176f, 0.0563211f, 0.998187f, -0.0212421f, -0.0517347f, 0.523496f, -0.0114073f, 0.851951f, -1.29832f, 0f, -0f, 0f, 1f),
					new(0.806747f, -0.106586f, -0.581205f, -7.57982f, 0.111501f, 0.993386f, -0.027405f, 0.0887485f, 0.580282f, -0.0426961f, 0.813296f, -0.592355f, 0f, -0f, 0f, 1f),
					new(0.850164f, -0.059103f, -0.523189f, -0.902176f, 0.0563211f, 0.998187f, -0.0212421f, -0.0517346f, 0.523496f, -0.0114073f, 0.851951f, -1.29832f, 0f, -0f, 0f, 1f),
					new(0.806747f, -0.106586f, -0.581205f, -7.57982f, 0.111501f, 0.993386f, -0.027405f, 0.0887485f, 0.580282f, -0.0426961f, 0.813296f, -0.592355f, 0f, -0f, 0f, 1f),
					new(0.89812f, -0.314812f, -0.30704f, -5.61586f, 0.330128f, 0.943933f, -0.00217079f, 1.56472f, 0.290509f, -0.0994132f, 0.951694f, -3.22586f, 0f, -0f, 0f, 1f),
					new(0.999839f, 0.015302f, -0.00934969f, -0.39175f, -0.0112986f, 0.942441f, 0.334181f, 1.41058f, 0.0139252f, -0.334021f, 0.942462f, -7.49583f, 0f, -0f, 0f, 1f),
					new(0.999839f, 0.015302f, -0.00934969f, -0.39175f, -0.0112986f, 0.942441f, 0.334181f, 1.41058f, 0.0139252f, -0.334021f, 0.942462f, -7.49583f, 0f, -0f, 0f, 1f),
					new(0.999839f, 0.015302f, -0.00934969f, -0.39175f, -0.0112986f, 0.942441f, 0.334181f, 1.41058f, 0.0139252f, -0.334021f, 0.942462f, -7.49583f, 0f, -0f, 0f, 1f),
					new(0.89812f, -0.314812f, -0.30704f, -5.61586f, 0.330128f, 0.943933f, -0.00217079f, 1.56473f, 0.290509f, -0.0994132f, 0.951694f, -3.22586f, 0f, -0f, 0f, 1f),
					new(0.686024f, -0.712311f, 0.148269f, -11.6174f, 0.725228f, 0.685825f, -0.0607212f, -4.80823f, -0.0584346f, 0.149185f, 0.987081f, 1.19488f, 0f, -0f, 0f, 1f),
					new(0.295247f, -0.919175f, -0.260664f, -12.1385f, 0.953063f, 0.302501f, 0.0128013f, -9.61791f, 0.0670845f, -0.252208f, 0.965344f, -4.72448f, 0f, -0f, 0f, 1f),
					new(0.295246f, -0.919175f, -0.260664f, -12.1385f, 0.953062f, 0.302501f, 0.0128012f, -9.61791f, 0.0670845f, -0.252208f, 0.965344f, -4.72448f, 0f, -0f, 0f, 0.999999f),
					new(0.295246f, -0.919175f, -0.260664f, -12.1385f, 0.953062f, 0.302501f, 0.0128012f, -9.61791f, 0.0670845f, -0.252208f, 0.965344f, -4.72448f, 0f, -0f, 0f, 0.999999f),
					new(0.295246f, -0.919175f, -0.260664f, -12.1385f, 0.953062f, 0.302501f, 0.0128012f, -9.61791f, 0.0670845f, -0.252208f, 0.965344f, -4.72448f, 0f, -0f, 0f, 0.999999f),
					new(0.295246f, -0.919175f, -0.260664f, -12.1385f, 0.953062f, 0.302501f, 0.0128012f, -9.6179f, 0.0670845f, -0.252208f, 0.965344f, -4.72448f, 0f, -0f, 0f, 0.999999f),
					new(0.295246f, -0.919175f, -0.260664f, -12.1385f, 0.953062f, 0.302501f, 0.0128012f, -9.6179f, 0.0670845f, -0.252208f, 0.965344f, -4.72448f, 0f, -0f, 0f, 0.999999f),
					new(0.991485f, -0.0745927f, -0.106738f, -2.63791f, 0.100646f, 0.959076f, 0.264657f, 2.24818f, 0.0826285f, -0.273146f, 0.958417f, -5.08397f, 0f, -0f, 0f, 1f),
					new(0.985623f, -0.137601f, -0.0980484f, -3.71659f, 0.142974f, 0.988461f, 0.0500232f, 2.25501f, 0.0900337f, -0.0633224f, 0.993923f, -2.61667f, 0f, -0f, 0f, 1f),
					new(-0.758844f, 0.554275f, -0.341958f, -0.229726f, 0.607533f, 0.413277f, -0.678311f, -6.33869f, -0.234647f, -0.722482f, -0.650353f, -13.4525f, 0f, -0f, 0f, 1f),
					new(-0.783752f, 0.612831f, -0.100848f, 1.6353f, 0.253896f, 0.167958f, -0.952537f, -11.4039f, -0.566806f, -0.772157f, -0.287233f, -16.1068f, 0f, -0f, 0f, 1f),
					new(-0.838165f, 0.36723f, 0.403263f, -1.6133f, -0.208616f, 0.467292f, -0.859137f, -10.0494f, -0.503943f, -0.804226f, -0.315058f, -16.1864f, 0f, -0f, 0f, 0.999999f),
					new(-0.783752f, 0.612831f, -0.100848f, 1.6353f, 0.253896f, 0.167958f, -0.952536f, -11.4039f, -0.566806f, -0.772157f, -0.287233f, -16.1068f, 0f, -0f, 0f, 0.999999f),
					new(-0.783752f, 0.612831f, -0.100848f, 1.6353f, 0.253896f, 0.167958f, -0.952536f, -11.4039f, -0.566806f, -0.772157f, -0.287233f, -16.1068f, 0f, -0f, 0f, 0.999999f),
					new(-0.783752f, 0.612831f, -0.100848f, 1.6353f, 0.253896f, 0.167958f, -0.952536f, -11.4039f, -0.566806f, -0.772157f, -0.287233f, -16.1068f, 0f, -0f, 0f, 0.999999f),
					new(-0.582023f, 0.666741f, -0.465515f, 3.64224f, 0.537184f, -0.114521f, -0.835654f, -13.3412f, -0.610476f, -0.736437f, -0.291508f, -15.9121f, 0f, -0f, 0f, 0.999999f),
					new(0.833523f, -0.48232f, -0.269457f, -7.66355f, 0.484907f, 0.872395f, -0.0615774f, 0.815012f, 0.264773f, -0.0793354f, 0.961042f, -3.00333f, 0f, -0f, 0f, 1f),
					new(0.850228f, -0.451437f, -0.270771f, -7.32921f, 0.449128f, 0.890381f, -0.0741948f, 1.09089f, 0.274583f, -0.0585283f, 0.95978f, -2.75657f, 0f, -0f, 0f, 1f),
					new(1f, -0f, 0f, -1.36856f, -0f, 1f, -0f, 2.30774f, 0f, -0f, 1f, -1.89704f, 0f, -0f, 0f, 1f),
					new(0.999839f, 0.015302f, -0.00934969f, -0.39175f, -0.0112986f, 0.942441f, 0.334181f, 1.41058f, 0.0139252f, -0.334021f, 0.942462f, -7.49583f, 0f, -0f, 0f, 1f),
					new(1f, -0f, 0f, -1.20731f, -0f, 1f, -0f, 6.20096f, 0f, -0f, 1f, 1.60928f, 0f, -0f, 0f, 1f),
					new(1f, -0f, 0f, -1.23332f, -0f, 1f, -0f, 2.89122f, 0f, -0f, 1f, 2.70035f, 0f, -0f, 0f, 1f),
					new(1f, -0f, 0f, 2.52866f, -0f, 1f, -0f, 2.89122f, 0f, -0f, 1f, 2.70035f, 0f, -0f, 0f, 1f),
					new(0.850164f, -0.059103f, -0.523189f, -0.902176f, 0.0563211f, 0.998187f, -0.0212421f, -0.0517346f, 0.523496f, -0.0114073f, 0.851951f, -1.29832f, 0f, -0f, 0f, 1f),
					new(0.806747f, -0.106586f, -0.581205f, -7.57982f, 0.111501f, 0.993386f, -0.027405f, 0.0887486f, 0.580282f, -0.0426961f, 0.813296f, -0.592355f, 0f, -0f, 0f, 1f),
					new(0.850164f, -0.059103f, -0.523189f, -0.902176f, 0.0563211f, 0.998187f, -0.0212421f, -0.0517346f, 0.523496f, -0.0114073f, 0.851951f, -1.29832f, 0f, -0f, 0f, 1f),
					new(0.806747f, -0.106586f, -0.581204f, -7.57982f, 0.111501f, 0.993386f, -0.027405f, 0.0887484f, 0.580282f, -0.0426961f, 0.813296f, -0.592355f, 0f, -0f, 0f, 1f),
					new(0.989725f, 0.11164f, 0.0893281f, 1.56074f, -0.141125f, 0.662481f, 0.735664f, -3.8256f, 0.0229515f, -0.740712f, 0.67143f, -15.6457f, 0f, -0f, 0f, 1f),
					new(0.995672f, -0.0854956f, 0.0364332f, -2.30154f, 0.0371456f, 0.725463f, 0.687258f, -2.36688f, -0.0851885f, -0.68293f, 0.725499f, -14.5985f, 0f, -0f, 0f, 1f),
					new(0.997956f, 0.0571941f, 0.0285075f, 0.471337f, -0.061802f, 0.750269f, 0.658237f, -1.88689f, 0.016259f, -0.658654f, 0.75227f, -14.0469f, 0f, -0f, 0f, 1f),
				],
				[
					new(1f, -0f, 0f, -1.37647f, -0f, 1f, -0f, 2.33705f, 0f, -0f, 1f, -1.91694f, 0f, -0f, 0f, 1f),
					new(0.923456f, -0.227961f, -0.308645f, -4.48742f, 0.222433f, 0.973479f, -0.0534883f, 1.97065f, 0.312652f, -0.0192585f, 0.949672f, -2.18595f, 0f, -0f, 0f, 1f),
					new(0.923456f, -0.227961f, -0.308645f, -4.48742f, 0.222433f, 0.973479f, -0.0534883f, 1.97064f, 0.312652f, -0.0192585f, 0.949672f, -2.18595f, 0f, -0f, 0f, 1f),
					new(0.999745f, 0.0200947f, -0.0102436f, -0.293137f, -0.0151881f, 0.935535f, 0.352907f, 1.32905f, 0.0166748f, -0.352662f, 0.935602f, -7.82333f, 0f, -0f, 0f, 1f),
					new(0.999745f, 0.0200947f, -0.0102436f, -0.293137f, -0.0151881f, 0.935535f, 0.352907f, 1.32906f, 0.0166748f, -0.352662f, 0.935602f, -7.82333f, 0f, -0f, 0f, 1f),
					new(0.999745f, 0.0200947f, -0.0102436f, -0.293137f, -0.0151881f, 0.935535f, 0.352907f, 1.32906f, 0.0166748f, -0.352662f, 0.935602f, -7.82333f, 0f, -0f, 0f, 1f),
					new(0.887618f, 0.163938f, -0.430416f, 1.41793f, -0.143761f, 0.986434f, 0.0792465f, 2.31575f, 0.437569f, -0.00846365f, 0.899145f, -2.0803f, 0f, -0f, 0f, 1f),
					new(0.934993f, 0.0802774f, -0.34546f, 0.473462f, -0.0264052f, 0.9871f, 0.157914f, 2.52511f, 0.353681f, -0.138527f, 0.925052f, -4.03117f, 0f, -0f, 0f, 1f),
					new(0.982595f, 0.0963518f, -0.158818f, 0.976525f, -0.0620688f, 0.97612f, 0.208178f, 2.47072f, 0.175084f, -0.194697f, 0.965111f, -4.69644f, 0f, -0f, 0f, 1f),
					new(0.887118f, -0.327497f, -0.325218f, -5.7964f, 0.344718f, 0.938693f, -0.00496302f, 1.52393f, 0.306905f, -0.107706f, 0.945626f, -3.35712f, 0f, -0f, 0f, 1f),
					new(0.881928f, -0.344019f, -0.322264f, -5.93409f, 0.363956f, 0.931414f, 0.00173381f, 1.5572f, 0.299565f, -0.118819f, 0.946648f, -3.57095f, 0f, -0f, 0f, 1f),
					new(0.997877f, 0.0432841f, 0.0486636f, 0.0315236f, -0.0580646f, 0.929693f, 0.363729f, 1.37925f, -0.0294986f, -0.365783f, 0.930233f, -7.99421f, 0f, -0f, 0f, 1f),
					new(0.996498f, 0.0485228f, 0.0680992f, 0.0807415f, -0.065639f, 0.958462f, 0.277563f, 2.05569f, -0.0518024f, -0.28106f, 0.958291f, -6.53333f, 0f, -0f, 0f, 1f),
					new(0.986899f, 0.144629f, 0.0715058f, 1.64445f, -0.155858f, 0.969173f, 0.190819f, 2.65465f, -0.0417034f, -0.199464f, 0.979017f, -5.28843f, 0f, -0f, 0f, 1f),
					new(0.997506f, 0.00142785f, -0.0705615f, 0.0973063f, -0.00245245f, 0.999893f, -0.0144358f, 3.0136f, 0.0705333f, 0.0145729f, 0.997403f, -2.88455f, 0f, -0f, 0f, 1f),
					new(0.996269f, -0.0518685f, -0.0689706f, -0.406228f, 0.0374346f, 0.979858f, -0.196154f, 3.04564f, 0.0777557f, 0.19284f, 0.978144f, -1.14362f, 0f, -0f, 0f, 1f),
					new(0.989952f, -0.14063f, 0.0147348f, -1.1378f, 0.141272f, 0.979242f, -0.145348f, 2.46399f, 0.00601133f, 0.145969f, 0.989271f, -1.23816f, 0f, -0f, 0f, 1f),
					new(0.980233f, -0.0220795f, -0.196608f, -1.20396f, 0.0212777f, 0.999754f, -0.00618937f, 2.40936f, 0.196696f, 0.00188365f, 0.980462f, -1.83727f, 0f, -0f, 0f, 1f),
					new(0.765628f, -0.628281f, 0.138115f, -10.5741f, 0.641751f, 0.731187f, -0.231346f, -2.44676f, 0.0443624f, 0.26576f, 0.963018f, 2.48358f, 0f, -0f, 0f, 1f),
					new(0.692475f, -0.707544f, 0.140917f, -11.4545f, 0.719772f, 0.690843f, -0.0682852f, -3.37093f, -0.0490369f, 0.148714f, 0.987663f, 1.12314f, 0f, -0f, 0f, 1f),
					new(0.303389f, -0.920475f, -0.246334f, -12.1648f, 0.951664f, 0.305688f, 0.029824f, -9.55242f, 0.0478492f, -0.243476f, 0.968726f, -4.44259f, 0f, -0f, 0f, 1f),
					new(0.692475f, -0.707545f, 0.140917f, -11.5629f, 0.719772f, 0.690843f, -0.0682852f, -4.69214f, -0.0490369f, 0.148714f, 0.987663f, 1.20528f, 0f, -0f, 0f, 1f),
					new(0.303389f, -0.920475f, -0.246334f, -12.1648f, 0.951664f, 0.305688f, 0.029824f, -9.55242f, 0.0478492f, -0.243476f, 0.968726f, -4.44259f, 0f, -0f, 0f, 1f),
					new(0.303389f, -0.920475f, -0.246334f, -12.1648f, 0.951664f, 0.305688f, 0.029824f, -9.55242f, 0.0478492f, -0.243476f, 0.968725f, -4.44259f, 0f, -0f, 0f, 1f),
					new(0.303389f, -0.920475f, -0.246334f, -12.1648f, 0.951664f, 0.305688f, 0.029824f, -9.55242f, 0.0478492f, -0.243476f, 0.968726f, -4.44259f, 0f, -0f, 0f, 1f),
					new(0.303389f, -0.920475f, -0.246334f, -12.1648f, 0.951664f, 0.305688f, 0.029824f, -9.55242f, 0.0478492f, -0.243476f, 0.968725f, -4.44259f, 0f, -0f, 0f, 1f),
					new(0.303389f, -0.920474f, -0.246334f, -12.1648f, 0.951664f, 0.305688f, 0.029824f, -9.55242f, 0.0478492f, -0.243476f, 0.968725f, -4.44259f, 0f, -0f, 0f, 0.999999f),
					new(0.303389f, -0.920475f, -0.246334f, -12.1648f, 0.951664f, 0.305688f, 0.029824f, -9.55242f, 0.0478492f, -0.243476f, 0.968726f, -4.44259f, 0f, -0f, 0f, 1f),
					new(0.303389f, -0.920475f, -0.246334f, -12.1648f, 0.951664f, 0.305688f, 0.029824f, -9.55242f, 0.0478492f, -0.243476f, 0.968725f, -4.44259f, 0f, -0f, 0f, 1f),
					new(0.303389f, -0.920474f, -0.246334f, -12.1648f, 0.951664f, 0.305688f, 0.029824f, -9.55242f, 0.0478492f, -0.243476f, 0.968725f, -4.44259f, 0f, -0f, 0f, 0.999999f),
					new(0.303389f, -0.920475f, -0.246334f, -12.1648f, 0.951664f, 0.305688f, 0.029824f, -9.55242f, 0.0478492f, -0.243476f, 0.968726f, -4.44259f, 0f, -0f, 0f, 1f),
					new(0.303389f, -0.920475f, -0.246334f, -12.1648f, 0.951664f, 0.305688f, 0.029824f, -9.55242f, 0.0478492f, -0.243476f, 0.968725f, -4.44259f, 0f, -0f, 0f, 1f),
					new(0.303389f, -0.920474f, -0.246334f, -12.1648f, 0.951664f, 0.305688f, 0.029824f, -9.55242f, 0.0478492f, -0.243476f, 0.968725f, -4.44259f, 0f, -0f, 0f, 0.999999f),
					new(0.303389f, -0.920475f, -0.246334f, -12.1648f, 0.951664f, 0.305688f, 0.029824f, -9.55242f, 0.0478492f, -0.243476f, 0.968726f, -4.44259f, 0f, -0f, 0f, 1f),
					new(0.303389f, -0.920475f, -0.246334f, -12.1648f, 0.951664f, 0.305688f, 0.029824f, -9.55242f, 0.0478492f, -0.243476f, 0.968725f, -4.44259f, 0f, -0f, 0f, 1f),
					new(0.303389f, -0.920474f, -0.246334f, -12.1648f, 0.951664f, 0.305688f, 0.029824f, -9.55242f, 0.0478492f, -0.243476f, 0.968725f, -4.44259f, 0f, -0f, 0f, 0.999999f),
					new(0.975996f, 0.0156532f, -0.217225f, -1.7536f, 0.0947853f, 0.867467f, 0.488381f, 1.72743f, 0.19608f, -0.497248f, 0.845161f, -7.45706f, 0f, -0f, 0f, 1f),
					new(0.949866f, -0.138439f, -0.280337f, -3.56237f, 0.140242f, 0.990022f, -0.0137207f, 2.5077f, 0.279439f, -0.0262822f, 0.959803f, -2.37626f, 0f, -0f, 0f, 1f),
					new(0.814697f, 0.504163f, -0.28651f, 3.20674f, -0.251402f, 0.752312f, 0.608953f, 0.0394716f, 0.522556f, -0.424083f, 0.739654f, -6.94586f, 0f, -0f, 0f, 1f),
					new(0.814697f, -0.190599f, -0.547667f, -1.03866f, -0.251402f, 0.734977f, -0.629766f, -0.132353f, 0.522556f, 0.650753f, 0.550867f, -0.409679f, 0f, -0f, 0f, 1f),
					new(0.90211f, 0.0971087f, -0.420436f, -0.729655f, -0.11346f, 0.993444f, -0.0139885f, 0.0932348f, 0.416321f, 0.0603216f, 0.907214f, -1.10786f, 0f, -0f, 0f, 1f),
					new(0.996183f, 0.00499451f, -0.0871489f, -0.523032f, 0.0211281f, 0.954881f, 0.296235f, 1.94962f, 0.0846964f, -0.296945f, 0.951131f, -6.65719f, 0f, -0f, 0f, 1f),
					new(0.993974f, -0.00271949f, -0.109581f, -0.608432f, 0.0199608f, 0.987468f, 0.156553f, 2.76938f, 0.107782f, -0.157797f, 0.981572f, -4.25537f, 0f, -0f, 0f, 1f),
					new(0.998789f, 0.047097f, -0.0141972f, 0.016027f, -0.0463672f, 0.997772f, 0.047964f, 2.98685f, 0.0164245f, -0.0472476f, 0.998748f, -2.75408f, 0f, -0f, 0f, 1f),
					new(0.984274f, -0.0451202f, 0.170787f, -1.63242f, 0.075107f, 0.981979f, -0.173426f, 3.80894f, -0.159884f, 0.183526f, 0.969925f, -0.219653f, 0f, -0f, 0f, 1f),
					new(0.973961f, -0.166484f, 0.153893f, -2.78967f, 0.211402f, 0.912142f, -0.351151f, 3.96712f, -0.0819109f, 0.374541f, 0.923585f, 1.99842f, 0f, -0f, 0f, 1f),
					new(0.980801f, -0.0730383f, 0.180816f, -2.23022f, 0.132454f, 0.930024f, -0.342798f, 3.67608f, -0.143126f, 0.360166f, 0.921843f, 1.669f, 0f, -0f, 0f, 1f),
					new(0.820855f, -0.374628f, -0.431104f, -6.83471f, 0.368811f, 0.924029f, -0.100734f, 1.20549f, 0.436091f, -0.076308f, 0.896661f, -3.07528f, 0f, -0f, 0f, 1f),
					new(0.454441f, -0.87515f, -0.166121f, -15.1934f, 0.724734f, 0.471676f, -0.502277f, -5.35427f, 0.517923f, 0.107862f, 0.848599f, -0.0763631f, 0f, -0f, 0f, 1f),
					new(-0.754663f, 0.57408f, -0.31767f, 1.39548f, 0.604049f, 0.418899f, -0.677974f, -6.44091f, -0.25614f, -0.70353f, -0.6629f, -13.6147f, 0f, -0f, 0f, 1f),
					new(-0.767201f, 0.635562f, -0.0863917f, 2.07132f, 0.251429f, 0.174088f, -0.95209f, -11.315f, -0.590073f, -0.752166f, -0.29336f, -16.014f, 0f, -0f, 0f, 1f),
					new(-0.754663f, 0.574081f, -0.31767f, 0.0955963f, 0.604049f, 0.418899f, -0.677974f, -6.26964f, -0.25614f, -0.70353f, -0.6629f, -13.4024f, 0f, -0f, 0f, 1f),
					new(-0.818608f, 0.38059f, 0.430153f, -1.2762f, -0.224065f, 0.477977f, -0.849313f, -9.9692f, -0.528843f, -0.791636f, -0.305999f, -16.1915f, 0f, -0f, 0f, 1f),
					new(-0.818608f, 0.38059f, 0.430153f, -1.2762f, -0.224065f, 0.477977f, -0.849313f, -9.9692f, -0.528843f, -0.791636f, -0.305999f, -16.1915f, 0f, -0f, 0f, 1f),
					new(-0.7672f, 0.635562f, -0.0863917f, 2.07132f, 0.251429f, 0.174088f, -0.95209f, -11.315f, -0.590073f, -0.752166f, -0.29336f, -16.014f, 0f, -0f, 0f, 1f),
					new(-0.7672f, 0.635562f, -0.0863917f, 2.07132f, 0.251429f, 0.174088f, -0.95209f, -11.315f, -0.590073f, -0.752166f, -0.29336f, -16.014f, 0f, -0f, 0f, 1f),
					new(-0.7672f, 0.635562f, -0.0863917f, 2.07132f, 0.251429f, 0.174088f, -0.95209f, -11.315f, -0.590073f, -0.752165f, -0.29336f, -16.014f, 0f, -0f, 0f, 0.999999f),
					new(-0.7672f, 0.635562f, -0.0863917f, 2.07132f, 0.251429f, 0.174088f, -0.95209f, -11.315f, -0.590073f, -0.752166f, -0.29336f, -16.014f, 0f, -0f, 0f, 1f),
					new(-0.7672f, 0.635562f, -0.0863917f, 2.07132f, 0.251429f, 0.174088f, -0.95209f, -11.315f, -0.590073f, -0.752166f, -0.29336f, -16.014f, 0f, -0f, 0f, 1f),
					new(-0.7672f, 0.635562f, -0.0863917f, 2.07132f, 0.251429f, 0.174088f, -0.95209f, -11.315f, -0.590073f, -0.752165f, -0.29336f, -16.014f, 0f, -0f, 0f, 0.999999f),
					new(-0.7672f, 0.635562f, -0.0863917f, 2.07132f, 0.251429f, 0.174088f, -0.95209f, -11.315f, -0.590073f, -0.752166f, -0.29336f, -16.014f, 0f, -0f, 0f, 1f),
					new(-0.7672f, 0.635562f, -0.0863917f, 2.07132f, 0.251429f, 0.174088f, -0.95209f, -11.315f, -0.590073f, -0.752166f, -0.29336f, -16.014f, 0f, -0f, 0f, 1f),
					new(-0.7672f, 0.635562f, -0.0863917f, 2.07132f, 0.251429f, 0.174088f, -0.95209f, -11.315f, -0.590073f, -0.752165f, -0.29336f, -16.014f, 0f, -0f, 0f, 0.999999f),
					new(-0.55886f, 0.689735f, -0.460371f, 4.12407f, 0.542344f, -0.115967f, -0.832114f, -13.3041f, -0.627326f, -0.714714f, -0.309265f, -15.7552f, 0f, -0f, 0f, 1f),
					new(-0.55886f, 0.689735f, -0.460371f, 4.12407f, 0.542344f, -0.115967f, -0.832114f, -13.3041f, -0.627326f, -0.714714f, -0.309265f, -15.7552f, 0f, -0f, 0f, 1f),
					new(-0.55886f, 0.689735f, -0.460371f, 4.12407f, 0.542344f, -0.115967f, -0.832114f, -13.3041f, -0.627326f, -0.714714f, -0.309265f, -15.7552f, 0f, -0f, 0f, 0.999999f),
					new(0.936267f, -0.0734818f, -0.343518f, -2.71011f, 0.116667f, 0.987416f, 0.106761f, 1.98102f, 0.331351f, -0.140034f, 0.933058f, -3.69683f, 0f, -0f, 0f, 1f),
					new(0.956659f, -0.161284f, -0.242469f, -3.72977f, 0.134721f, 0.983281f, -0.122511f, 2.07505f, 0.258174f, 0.0845355f, 0.962393f, -1.12617f, 0f, -0f, 0f, 1f),
					new(0.808874f, -0.499364f, -0.310415f, -7.7057f, 0.482668f, 0.865418f, -0.13447f, 0.836522f, 0.335788f, -0.041058f, 0.941042f, -2.61779f, 0f, -0f, 0f, 1f),
					new(0.808874f, -0.581993f, -0.0836994f, -8.19683f, 0.482668f, 0.738529f, -0.47075f, 0.0457191f, 0.335788f, 0.340379f, 0.878286f, -0.298014f, 0f, -0f, 0f, 1f),
					new(0.847978f, -0.0175365f, -0.529739f, -7.40622f, 0.00727953f, 0.999743f, -0.0214432f, -0.0204202f, 0.52998f, 0.014327f, 0.847888f, -0.564923f, 0f, -0f, 0f, 1f),
					new(0.999745f, 0.0200947f, -0.0102436f, -0.293137f, -0.0151881f, 0.935535f, 0.352907f, 1.32906f, 0.0166748f, -0.352662f, 0.935602f, -7.82333f, 0f, -0f, 0f, 1f),
					new(0.992647f, -0.121018f, -0.00267395f, -2.78891f, 0.118622f, 0.968126f, 0.220591f, 2.00578f, -0.0241067f, -0.219287f, 0.975362f, -4.77205f, 0f, -0f, 0f, 1f),
					new(0.997264f, 0.0738847f, 0.0021651f, 0.699461f, -0.07203f, 0.964822f, 0.252844f, 1.87621f, 0.0165924f, -0.252309f, 0.967504f, -5.60109f, 0f, -0f, 0f, 1f),
					new(0.940362f, 0.333982f, -0.0646129f, 5.32865f, -0.319038f, 0.931787f, 0.17317f, 1.4857f, 0.118041f, -0.142228f, 0.98277f, -3.59712f, 0f, -0f, 0f, 1f),
					new(0.960692f, -0.0321707f, -0.275743f, -1.74845f, 0.0544563f, 0.995806f, 0.0735485f, 1.78041f, 0.27222f, -0.0856735f, 0.958415f, -0.699097f, 0f, -0f, 0f, 1f),
					new(0.846329f, 0.201857f, -0.492929f, -0.460874f, -0.378538f, 0.878988f, -0.289978f, 1.86134f, 0.374745f, 0.43201f, 0.820325f, 2.70574f, 0f, -0f, 0f, 0.999999f),
					new(0.963441f, -0.0891662f, 0.252643f, 2.06119f, 0.178881f, 0.9161f, -0.358832f, 1.56238f, -0.199451f, 0.390907f, 0.89856f, 2.92146f, 0f, -0f, 0f, 0.999999f),
					new(0.90211f, 0.0971087f, -0.420436f, -0.729655f, -0.11346f, 0.993444f, -0.0139885f, 0.0932347f, 0.416321f, 0.0603216f, 0.907214f, -1.10786f, 0f, -0f, 0f, 1f),
					new(0.847978f, -0.0175365f, -0.529739f, -7.40622f, 0.00727953f, 0.999743f, -0.0214432f, -0.0204202f, 0.529979f, 0.014327f, 0.847888f, -0.564923f, 0f, -0f, 0f, 1f),
					new(1f, -0f, 0f, -1.21522f, -0f, 1f, -0f, 6.23027f, 0f, -0f, 1f, 1.58939f, 0f, -0f, 0f, 1f),
					new(1f, -0f, 0f, -1.23145f, -0f, 1f, -0f, 2.87823f, 0f, -0f, 1f, 2.67997f, 0f, -0f, 0f, 1f),
					new(1f, -0f, 0f, 2.53053f, -0f, 1f, -0f, 2.87823f, 0f, -0f, 1f, 2.67997f, 0f, -0f, 0f, 1f),
					new(0.862402f, -0.0558163f, -0.503136f, -0.900347f, 0.0533038f, 0.99839f, -0.0193925f, -0.0488207f, 0.503409f, -0.0100949f, 0.863989f, -1.27898f, 0f, -0f, 0f, 1f),
					new(0.806747f, -0.106586f, -0.581205f, -7.57982f, 0.111501f, 0.993386f, -0.027405f, 0.0887485f, 0.580282f, -0.0426961f, 0.813296f, -0.592355f, 0f, -0f, 0f, 1f),
					new(0.862402f, -0.0558163f, -0.503136f, -0.900347f, 0.0533038f, 0.99839f, -0.0193925f, -0.0488207f, 0.503409f, -0.0100949f, 0.863989f, -1.27898f, 0f, -0f, 0f, 1f),
					new(0.806747f, -0.106586f, -0.581205f, -7.57982f, 0.111501f, 0.993386f, -0.027405f, 0.0887485f, 0.580282f, -0.0426961f, 0.813296f, -0.592355f, 0f, -0f, 0f, 1f),
					new(0.887118f, -0.327497f, -0.325218f, -5.7964f, 0.344718f, 0.938693f, -0.00496302f, 1.52393f, 0.306905f, -0.107706f, 0.945626f, -3.35712f, 0f, -0f, 0f, 1f),
					new(0.999745f, 0.0200947f, -0.0102436f, -0.293137f, -0.0151881f, 0.935535f, 0.352907f, 1.32906f, 0.0166748f, -0.352662f, 0.935602f, -7.82333f, 0f, -0f, 0f, 1f),
					new(0.999745f, 0.0200947f, -0.0102436f, -0.293137f, -0.0151881f, 0.935535f, 0.352907f, 1.32906f, 0.0166748f, -0.352662f, 0.935602f, -7.82333f, 0f, -0f, 0f, 1f),
					new(0.999745f, 0.0200947f, -0.0102436f, -0.293137f, -0.0151881f, 0.935535f, 0.352907f, 1.32906f, 0.0166748f, -0.352662f, 0.935602f, -7.82333f, 0f, -0f, 0f, 1f),
					new(0.887118f, -0.327497f, -0.325218f, -5.7964f, 0.344718f, 0.938693f, -0.00496302f, 1.52393f, 0.306905f, -0.107706f, 0.945626f, -3.35712f, 0f, -0f, 0f, 1f),
					new(0.692475f, -0.707544f, 0.140917f, -11.5629f, 0.719772f, 0.690843f, -0.0682852f, -4.69215f, -0.0490369f, 0.148714f, 0.987663f, 1.20528f, 0f, -0f, 0f, 1f),
					new(0.303389f, -0.920475f, -0.246334f, -12.1648f, 0.951664f, 0.305688f, 0.029824f, -9.55242f, 0.0478492f, -0.243476f, 0.968726f, -4.44259f, 0f, -0f, 0f, 1f),
					new(0.303389f, -0.920474f, -0.246334f, -12.1648f, 0.951664f, 0.305688f, 0.029824f, -9.55242f, 0.0478492f, -0.243476f, 0.968725f, -4.44259f, 0f, -0f, 0f, 0.999999f),
					new(0.303389f, -0.920474f, -0.246334f, -12.1648f, 0.951664f, 0.305688f, 0.029824f, -9.55242f, 0.0478492f, -0.243476f, 0.968725f, -4.44259f, 0f, -0f, 0f, 0.999999f),
					new(0.303389f, -0.920474f, -0.246334f, -12.1648f, 0.951664f, 0.305688f, 0.029824f, -9.55242f, 0.0478492f, -0.243476f, 0.968725f, -4.44259f, 0f, -0f, 0f, 0.999999f),
					new(0.303389f, -0.920474f, -0.246334f, -12.1648f, 0.951664f, 0.305688f, 0.029824f, -9.55242f, 0.0478492f, -0.243476f, 0.968725f, -4.44259f, 0f, -0f, 0f, 0.999999f),
					new(0.303389f, -0.920474f, -0.246334f, -12.1648f, 0.951664f, 0.305688f, 0.029824f, -9.55242f, 0.0478492f, -0.243476f, 0.968725f, -4.44259f, 0f, -0f, 0f, 0.999999f),
					new(0.981975f, -0.1342f, -0.133098f, -3.39195f, 0.166735f, 0.946699f, 0.275609f, 2.07913f, 0.0890173f, -0.292834f, 0.95201f, -5.34176f, 0f, -0f, 0f, 1f),
					new(0.974273f, -0.194398f, -0.114019f, -4.42788f, 0.201154f, 0.978232f, 0.0509779f, 2.10746f, 0.101627f, -0.0726018f, 0.992169f, -2.75777f, 0f, -0f, 0f, 1f),
					new(-0.754663f, 0.57408f, -0.31767f, 0.0955961f, 0.604049f, 0.418899f, -0.677974f, -6.26964f, -0.25614f, -0.70353f, -0.6629f, -13.4024f, 0f, -0f, 0f, 1f),
					new(-0.7672f, 0.635562f, -0.0863917f, 2.07132f, 0.251429f, 0.174088f, -0.95209f, -11.315f, -0.590073f, -0.752166f, -0.29336f, -16.014f, 0f, -0f, 0f, 1f),
					new(-0.818608f, 0.38059f, 0.430153f, -1.2762f, -0.224065f, 0.477977f, -0.849313f, -9.9692f, -0.528843f, -0.791636f, -0.305999f, -16.1915f, 0f, -0f, 0f, 0.999999f),
					new(-0.7672f, 0.635562f, -0.0863917f, 2.07132f, 0.251429f, 0.174088f, -0.95209f, -11.315f, -0.590073f, -0.752165f, -0.293359f, -16.014f, 0f, -0f, 0f, 0.999999f),
					new(-0.7672f, 0.635562f, -0.0863917f, 2.07132f, 0.251429f, 0.174088f, -0.95209f, -11.315f, -0.590073f, -0.752165f, -0.293359f, -16.014f, 0f, -0f, 0f, 0.999999f),
					new(-0.7672f, 0.635562f, -0.0863917f, 2.07132f, 0.251429f, 0.174088f, -0.95209f, -11.315f, -0.590073f, -0.752165f, -0.293359f, -16.014f, 0f, -0f, 0f, 0.999999f),
					new(-0.558859f, 0.689735f, -0.460371f, 4.12407f, 0.542344f, -0.115967f, -0.832114f, -13.3041f, -0.627326f, -0.714714f, -0.309265f, -15.7552f, 0f, -0f, 0f, 0.999999f),
					new(0.803362f, -0.526269f, -0.278656f, -8.23206f, 0.52953f, 0.845399f, -0.0699892f, 0.539693f, 0.272408f, -0.0913299f, 0.957837f, -3.18582f, 0f, -0f, 0f, 1f),
					new(0.820369f, -0.499412f, -0.278534f, -7.95959f, 0.497429f, 0.863507f, -0.0831866f, 0.828777f, 0.28206f, -0.070307f, 0.956817f, -2.94083f, 0f, -0f, 0f, 1f),
					new(1f, -0f, 0f, -1.37647f, -0f, 1f, -0f, 2.33705f, 0f, -0f, 1f, -1.91694f, 0f, -0f, 0f, 1f),
					new(0.999745f, 0.0200947f, -0.0102436f, -0.293137f, -0.0151881f, 0.935535f, 0.352907f, 1.32906f, 0.0166748f, -0.352662f, 0.935602f, -7.82333f, 0f, -0f, 0f, 1f),
					new(1f, -0f, 0f, -1.21522f, -0f, 1f, -0f, 6.23027f, 0f, -0f, 1f, 1.58939f, 0f, -0f, 0f, 1f),
					new(1f, -0f, 0f, -1.23145f, -0f, 1f, -0f, 2.87823f, 0f, -0f, 1f, 2.67997f, 0f, -0f, 0f, 1f),
					new(1f, -0f, 0f, 2.53053f, -0f, 1f, -0f, 2.87823f, 0f, -0f, 1f, 2.67997f, 0f, -0f, 0f, 1f),
					new(0.862402f, -0.0558163f, -0.503136f, -0.900347f, 0.0533038f, 0.99839f, -0.0193925f, -0.0488207f, 0.503409f, -0.0100949f, 0.863989f, -1.27898f, 0f, -0f, 0f, 1f),
					new(0.806747f, -0.106586f, -0.581205f, -7.57982f, 0.111501f, 0.993386f, -0.027405f, 0.0887486f, 0.580282f, -0.0426961f, 0.813296f, -0.592355f, 0f, -0f, 0f, 1f),
					new(0.862402f, -0.0558163f, -0.503136f, -0.900347f, 0.0533038f, 0.99839f, -0.0193925f, -0.0488209f, 0.503409f, -0.0100949f, 0.863989f, -1.27898f, 0f, -0f, 0f, 1f),
					new(0.806747f, -0.106586f, -0.581204f, -7.57982f, 0.111501f, 0.993386f, -0.027405f, 0.0887484f, 0.580282f, -0.0426961f, 0.813296f, -0.592355f, 0f, -0f, 0f, 1f),
					new(0.991997f, 0.0909191f, 0.0876001f, 1.16437f, -0.125743f, 0.649126f, 0.750215f, -4.01549f, 0.0113454f, -0.755227f, 0.655364f, -15.9166f, 0f, -0f, 0f, 1f),
					new(0.993106f, -0.111569f, 0.0359513f, -2.80479f, 0.0543249f, 0.70985f, 0.702254f, -2.61383f, -0.10387f, -0.69546f, 0.711018f, -14.8251f, 0f, -0f, 0f, 1f),
					new(0.999289f, 0.0241213f, 0.0289738f, -0.165012f, -0.0373498f, 0.737986f, 0.673781f, -2.09229f, -0.00512973f, -0.674384f, 0.738362f, -14.3137f, 0f, -0f, 0f, 1f),
				],
				[
					new(1f, -0f, 0f, -1.36925f, -0f, 1f, -0f, 2.31775f, 0f, -0f, 1f, -1.91472f, 0f, -0f, 0f, 1f),
					new(0.936298f, -0.208427f, -0.282673f, -4.21373f, 0.203825f, 0.977929f, -0.0459366f, 2.01245f, 0.286009f, -0.0146056f, 0.958116f, -2.11968f, 0f, -0f, 0f, 1f),
					new(0.936298f, -0.208426f, -0.282673f, -4.21373f, 0.203825f, 0.977929f, -0.0459366f, 2.01245f, 0.286008f, -0.0146056f, 0.958115f, -2.11968f, 0f, -0f, 0f, 1f),
					new(0.999948f, 0.00851897f, -0.00552988f, -0.545489f, -0.00648883f, 0.954721f, 0.297431f, 1.62004f, 0.00781333f, -0.29738f, 0.954727f, -6.901f, 0f, -0f, 0f, 1f),
